-112.265589,33.508895
-112.04232,32.97846
-111.8423662,33.2530852
-115.3328466,36.1591178
-115.306963,36.188871
-111.929248,33.6577429
-115.1413073,36.1693227
-111.83645015,33.586656565
-111.909402,33.480023
-112.2619851,33.534484
-115.2682348,36.274001
-112.029562,33.5160662
-115.279369,36.210624
-115.1025184,36.0786216
-115.274722,36.129869
-111.9329381,33.6247596
-115.2491794,36.1965125
-115.2892847,36.1646182
-111.8972015,33.6187965
-115.281102,36.1577835
-111.9407954,33.8328863
-115.17704,36.107621
-111.9746066,33.678615
-112.071211,33.4459
-111.924724,33.639342
-115.146011353,36.1356239319
-112.1292664,33.6401052
-111.9254057,33.5157137
-111.893789,33.623381
-111.9302912,33.6242026
-115.0428251,36.0671229
-115.2597635,36.1958103
-115.168524,35.964779
-111.9050871,33.6193325
-115.178775787,36.119018261
-115.2499904,36.2403948
-115.3334326,36.1591025
-115.2665755,36.271407
-115.2947187,36.1682527
-114.967027,36.0786771
-111.924147,33.501547
-115.2490872,36.2156114
-115.3051747,36.1453431
-111.9876957,33.449287
-111.9253441,33.6337477
-115.1765221,36.1130109
-115.2668393,36.2713297
-115.1924263,36.1167899
-111.979243,33.582569
-111.9276478,33.6110121
-112.073616,33.477031
-115.146394884,36.081302498
-111.978526,33.583924
-115.2640956,36.1972317
-111.8648155,33.6115561
-111.787028,33.422223
-115.280504,36.2186809
